13
278
680
274
603
11
329
197
280
424
550
862
1891
14
629
807
602
568
85
120
1892
238
5503
268
121
857
122
812
275
745
36955
63
8587
1637
105
808
98
607
581
954
3049
77
854
22
155
348
10020
562
788
1572
27205
137
2493
12
489
2164
89
597
1893
414
762
114
510
8467
36657
101
710
585
38
24
500
218
240
73
9598
769
679
37165
9806
78
664
453
601
557
817
9802
180
185
620
194
161
252
771
18
272
9804
640
251
2108
2501
1642
497
146
393
8844
9331
9377
62
141
628
694
87
193
671
28
1422
858
115
544
14160
9603
103
10681
2292
8963
2105
712
949
627
672
600
6950
37233
9350
816
289
752
8358
9614
492
2064
19995
2118
935
856
863
641
604
380
2898
1726
134
1542
9479
673
107
9487
1934
630
1894
95
809
241
1597
4011
235
199
578
2280
1124
1669
8012
583
861
9273
196
16869
637
129
564
165
813
11000
782
207
75
425
639
9390
567
2758
187
525
9208
539
744
786
686
9327
524
9739
2503
36557
11395
11450
1417
1271
563
162
2054
605
558
1832
37247
7443
1895
408
754
773
955
747
1587
2649
49026
11566
36658
18785
279
451
9473
926
243
104
2502
941
598
9359
6957
1624
153
9741
157336
58
2062
4327
429
310
623
12405
674
433
68718
5548
1900
462
9386
522
4232
9087
3034
15
8005
587
24428
4476
10530
621
2024
1573
9428
9354
11324
330
100
111
10144
687
4584
9798
8068
11031
1584
9800
117
634
17654
7326
818
11969
8840
496
319
15121
2667
1366
9268
9693
8835
6977
1493
9277
9495
2675
9612
36685
792
411
616
9482
11072
8469
2756
2668
642
154
6479
8839
2657
106
1924
8872
10057
4638
2048
608
118
9679
713
364
9255
9342
10895
840
426
8346
13475
1701
9654
68
1359
508
10377
957
829
306
118340
787
9434
170
675
9772
767
10528
595
45269
36647
1585
8866
1430
36593
9522
703
378
37799
9340
881
213
8699
10731
9671
10329
389
903
531
9427
9451
871
11545
509
11003
285
644
2323
11310
1933
8363
10340
824
3131
850
755
10193
293660
9398
6520
3981
11860
4951
9894
70160
106646
9326
9502
756
9552
19908
13785
9886
8487
345
879
9325
6488
2300
10191
1372
658
9593
70
15602
120467
2255
36668
322
8984
4964
334
9366
11977
9737
4133
1813
766
2034
2619
1018
4247
74
16320
97
855
239
12445
1640
205596
9489
435
9372
37724
11381
591
1574
15144
1213
11862
869
10539
11017
4147
8536
652
9032
346
2666
11472
401
532
128
913
8009
286217
184
205
10138
392
8077
473
872
402
12444
10545
594
9535
76341
2978
942
609
1824
11674
565
12498
90
651
9312
33542
2322
793
423
2757
1402
2123
1954
943
9294
13223
35
1878
397
242
8078
10112
8916
1091
152
8843
6415
2770
9348
714
826
770
2112
11287
10674
296
1734
409
8488
9799
33
1648
947
11780
137113
559
1538
10061
245
1262
3933
12230
1700
2133
571
22538
7299
963
1903
7453
8656
163
11778
10328
9426
150540
23483
8584
676
801
13183
5925
10478
11971
168
34584
8834
8374
11777
1491
8195
49538
838
1844
8681
11386
174
19913
157
11543
9346
37136
9587
65754
9571
888
846
13597
2069
6075
44214
11224
13342
415
4806
9591
88
2109
9879
10637
2320
1487
10442
9476
8321
9285
920
2640
10693
65
9665
36819
1541
140607
5915
177572
927
388
254
1945
8810
796
1909
953
4543
847
11934
14291
12092
8874
49051
853
8987
4935
9281
1995
1578
455
387
149
9430
9383
670
1621
4944
11635
9675
10776
391
10386
9361
10249
36643
1850
9824
2028
226
9870
69
1051
217
2787
1103
1858
10719
9472
10625
4995
9740
11353
10510
58574
9659
11036
1949
1885
10403
20352
244786
2907
3170
2636
186
968
2059
79
4553
9909
902
8193
10537
77338
11010
71
11688
1777
4982
421
3595
4922
8392
864
841
1634
4547
210577
1710
207703
11355
2005
11886
8619
177
657
2293
9066
10218
10559
454
9388
7340
10220
2759
331
164
10998
3065
9738
1724
1592
11360
9322
561
10428
10276
14836
10764
9532
9304
2567
8741
10802
11113
9509
1830
287
1645
6280
5236
475
2294
1588
11282
7270
11216
10201
10714
11359
12163
1548
9506
10890
865
1725
9067
14534
36586
10195
9705
765
2270
12162
11639
488
142
45612
582
350
665
7446
646
11412
11522
944
277
200
167
3536
30197
10830
11827
9099
236
8859
8871
298
929
176
696
320
11176
18183
693
938
8051
11202
1927
11362
805
64690
1771
1654
3597
17431
1907
9576
577
22947
59967
3989
49047
1389
9480
1817
3050
8698
866
619
1571
68721
12106
269149
10189
11970
9100
1635
137106
4233
820
9533
9869
100402
9536
87827
586
11318
1406
2114
617
22881
9101
9008
281957
1164
9387
1779
772
3179
9889
50646
5175
11382
62177
1930
82693
1633
10003
13466
982
13885
3176
5825
1368
127585
9631
51876
533
3512
3573
1576
172
10669
6620
8914
9447
8856
6282
9611
4234
10684
245891
212
7450
83666
10535
2157
109445
10314
11544
8960
9919
6114
14275
11520
981
1374
624
819
264660
3558
12133
10054
711
9267
11529
625
6978
12626
11561
7345
12155
10663
281
12665
3036
530
9718
44264
10331
8393
8367
956
11448
68734
59
2039
2609
24795
431
5279
6471
4348
37735
36669
283995
10312
948
891
61791
102899
1636
9360
783
8873
13667
70981
9397
10326
9475
503475
1653
9323
9471
925
18129
9306
599
284
1630
7191
377
330459
54138
9880
1535
253768
99861
10647
2291
2755
10414
60308
698
10147
1367
746
10162
1443
101299
10336
10874
804
10806
2080
329865
13595
1547
4248
6947
64688
1991
11153
343
10206
1911
37137
8388
4108
318846
8592
1715
194662
9403
263115
828
5176
7485
10215
9313
3021
7984
9481
2655
9078
5549
859
1452
1598
57158
5683
9778
152601
59436
470
9837
15472
12596
11013
11967
11774
244
845
3082
8413
10468
11011
521
1498
11527
12560
9550
10330
14301
8197
9602
9619
16448
11040
9355
9452
10122
660
76
1092
39939
7863
38757
705
10163
11929
11528
2107
12335
11843
1581
654
6637
9749
8130
1245
9396
1371
51540
1865
108
7451
11236
10803
37135
7131
5966
9647
10515
11393
8845
9678
45317
398
688
5994
4518
10439
6073
253
9339
381
5551
950
3063
10779
10307
81
11446
10153
9276
11808
135397
131631
13685
1593
55
2928
10154
11622
12104
2789
2924
814
1412
9303
338
403
1946
9531
11005
9013
293
8966
2018
2832
11004
2135
11050
10223
10409
75656
271110
284052
11452
9336
8986
4954
10547
10774
1429
3525
1073
794
4421
5693
9662
9334
8909
2022
10882
10612
764
56292
82690
10158
11814
23168
49521
9090
10525
3116
22970
1992
3509
9549
8202
11379
110415
10358
14181
138832
10466
10956
612
11704
308
38050
2788
12280
12160
8831
76338
15171
9454
109424
10990
10096
699
707
19101
55721
332
19
2067
8491
892
1599
27581
907
10586
1391
1024
13820
551
9607
37686
10303
14161
9384
4967
2925
860
1562
9560
169
50014
5550
810
4538
72105
681
8452
10634
10673
9404
15373
16
5
3291
11597
11041
55931
114150
116745
38055
84892
14370
4771
10322
4442
9344
923
984
6878
39514
303
768
2605
14367
10948
2103
64682
613
379
1649
11371
8373
8326
9444
109
1523
7551
50544
702
9942
553
9905
11158
10603
6623
1979
709
297
11299
11867
4256
11775
284053
8007
9801
75612
10591
6557
11374
1672
314365
187017
288
83542
12110
584
206216
201
9081
4104
2252
14283
4836
2642
1639
9037
7303
6038
10480
96
1579
1677
93456
9357
72190
12101
11831
11368
5491
40807
26748
9271
4816
10393
10909
2119
10437
10865
704
479
1369
9470
10705
9826
12154
9928
10398
7095
99
2665
20526
10137
41154
157350
867
273248
10872
1685
44826
2268
2362
15196
335
526
548
13701
490
650
7512
990
10747
10149
11551
10590
2752
11253
2085
10315
11858
11467
1365
682
9896
11335
9494
192
8850
11601
3600
223
900
242582
2771
9367
534
9279
5137
1667
9442
691
8065
44115
4978
11562
8224
1607
3083
46838
10858
49040
335984
9563
13053
107985
122917
6278
8247
4824
203801
4464
996
22794
9040
11008
10608
15789
1495
1251
9620
13310
76493
9070
206647
1375
795
17207
11257
11881
15765
10402
26564
4523
16538
28257
579
9623
638
116
25
16859
152532
173
9012
9349
6964
1647
9600
4437
44896
1480
11770
1955
10159
9609
14337
68924
7840
13448
85350
34544
10464
921
10502
10660
9637
4566
951
504
12123
18395
49444
11232
9955
37094
983
11329
668
177677
10778
2043
27578
11974
266856
395
8961
1996
4614
10950
592
12207
202249
13997
15739
5038
9816
1281
2288
11411
9691
8054
9302
4488
76170
10029
10217
18971
238713
168672
15596
9873
1965
1089
12107
9335
209112
20504
311
22625
6068
535
9574
3090
110
11665
1788
68724
146233
924
62211
10395
11557
9490
10141
14334
102651
18240
653
10549
966
11066
2142
10136
8273
10658
11963
11592
198663
10897
12477
1360
9362
10683
10156
76203
80274
10400
834
227
9091
5156
9409
9622
231
4912
2277
49948
10357
590
1551
419430
4477
4958
31174
123
11336
11497
11114
39513
10661
119450
13105
11418
695
10945
10406
9411
914
1883
9820
27576
9595
9716
10279
82702
922
190859
122906
9504
8688
9374
6552
86838
11663
928
622
221
11449
11857
2976
832
10474
11899
11231
1687
16148
14709
1586
188927
211672
6003
11356
1552
290250
606
23048
15037
11645
10546
9352
45243
11589
16614
9003
9102
10436
10534
11861
2275
11517
80
9946
13193
11978
11678
25059
843
7220
1577
97630
3085
240832
290
1088
11062
11349
11631
5516
978
8390
333371
12244
8355
11826
109414
41630
12159
5924
64
6279
82654
5876
8512
20649
19959
9493
11621
36648
9353
9314
18331
16281
9257
13203
910
11702
259316
12151
10445
422
2359
10567
10796
12105
49530
1428
11377
7518
11397
1272
9382
10495
10451
9061
6312
10229
13776
10388
9638
3594
9788
1948
326
14013
1246
246655
1738
3078
12102
1880
1499
1381
10730
68726
5689
527
11593
10440
404
9707
14306
12509
2623
400
49049
13370
2604
374720
8870
354912
215
16771
9543
48750
13809
10527
2046
2163
11239
11973
15413
18823
39452
13531
9960
10501
901
4808
299536
1887
228150
9443
1497
10765
11816
44705
8438
5143
2637
11846
8838
10518
8342
144
9606
11238
2155
10849
1165
1781
9559
14282
11076
16636
9461
20438
1985
16420
1408
9477
11549
14052
11498
9920
7553
967
9437
8848
127380
11878
11976
2295
9922
11873
830
12698
9944
7350
257211
9663
615
12185
1278
6951
9071
10128
81310
10396
10668
2990
124905
10911
2616
11815
30497
2698
4347
9722
8675
9882
11319
14919
297762
14506
10555
4961
13335
9290
11618
9486
9333
20758
39538
1370
9464
10198
975
9685
9516
588
2652
4257
11797
9449
9844
20156
6145
889
10157
480
2486
1250
1890
10072
14635
16619
66
11983
1968
181808
11849
18414
1904
11787
1090
21991
14462
2246
309
18215
13156
9431
228967
10585
9962
2769
54825
12614
8052
2056
16523
188161
14741
9605
23631
65215
75780
11980
11975
11511
2289
17578
10015
9270
19186
8293
44639
11596
3635
9316
12122
23210
12519
11077
11673
11228
4141
16562
9833
11568
13958
297761
10569
9378
24803
20943
16388
2454
2074
11624
9825
147
873
1688
649
3472
9401
10493
6519
26141
8011
195589
2321
2614
16520
81188
23629
2897
14522
667
16300
6396
8818
9465
8974
246
708
9890
383498
11321
10202
17015
2253
884
11068
11259
3035
9957
11584
2020
11426
11979
593
50456
936
14285
9767
11159
1770
18203
17908
102382
20762
12113
8470
150
59859
96721
12121
12223
1267
175
10835
1879
11485
9836
14784
4564
10641
2360
9086
12233
19042
10988
576
11009
9876
1690
10449
12921
11455
10152
10327
37853
9275
9315
16384
10047
10633
12149
65057
10280
19494
12706
4244
1632
575
13377
11806
11901
11054
3563
4688
299
29193
20283
9615
11090
8780
9433
2023
5255
9529
291805
1554
9440
284054
9289
4480
300
3683
214
38356
9410
11314
2539
5528
11708
10808
3133
10992
40805
260
9392
10246
6961
11904
6069
14900
11817
109443
14170
6023
13403
7520
1901
9422
1775
227159
11302
278927
273481
12573
59440
74643
38223
10644
4513
2011
7452
2671
35056
8989
9096
2900
9320
59962
49529
10210
1923
10823
10712
10139
9446
9311
10878
76492
12429
10184
10873
7552
16081
10427
10380
11837
14756
113
24137
103663
2749
10110
15258
7516
11591
80379
32513
1902
10744
7249
19931
15764
24021
38365
34851
9358
4512
1049
4953
265195
9059
9026
198184
11495
9073
10068
8913
11820
1792
11286
11420
9406
11468
7737
11576
11521
985
49520
19326
5559
7347
261
18480
370646
643
13260
9781
14292
10642
15143
6116
9947
44912
116741
10756
8814
10720
4203
1714
32823
11812
1999
1433
18402
24238
14412
10536
12118
2026
14069
12606
11896
11016
8764
12186
1833
763
271718
11230
51497
4415
692
8271
11086
10771
82
13554
13166
18360
36355
11120
1966
64328
131634
647
10014
5851
10548
9877
10833
16996
13804
10490
14742
8769
1970
27022
4032
11667
1580
20306
206487
7300
76163
406
9283
2086
909
37108
13665
11478
2058
12182
12620
178
18660
41733
2044
11135
10161
476
143
256591
11172
2019
1694
50348
9429
18444
381284
277834
24808
9064
13253
20766
136
94329
16295
222935
11782
22660
9645
14821
14136
339403
346364
2179
1265
11460
9445
23479
10083
49721
9884
20862
4174
6466
2055
11891
45523
10934
13698
18239
15999
340
961
22972
34016
11006
11690
1537
8923
14517
18169
10707
14035
10997
8386
37257
10216
10027
9291
17352
14628
9626
4977
5723
38319
11285
3537
254470
11235
214756
11252
1807
8428
11457
31044
26261
596
29154
17984
27103
4970
7007
52449
7211
10404
11134
11962
11959
9683
10985
28033
6963
11516
87101
12277
52856
10316
1075
8816
9570
11949
979
12157
9835
3586
1439
11001
2742
37719
10344
8337
2075
2140
18988
10342
11093
12144
11023
8677
11322
10313
49849
22796
574
14280
10323
9297
18550
24452
49519
17711
324668
7555
11416
11686
11307
9293
9286
2207
11022
5919
247
313369
12158
17795
13811
1641
11823
10208
87502
1705
156022
9697
13435
27768
27281
11247
314
164721
225130
9651
10860
80321
77953
10775
16219
138
10655
10483
8069
9899
11087
632
11415
7305
80035
14295
11525
10481
11499
9263
2134
45325
21032
11419
24664
10687
35196
12145
880
26719
9989
18462
16241
14662
219
10879
13697
43923
10869
232672
34636
436
700
36670
11474
13027
11191
19933
12143
10680
9644
9016
9932
14886
26617
10019
11649
1921
14048
27265
15512
9540
10212
16379
23449
13416
7549
9994
14361
9754
41469
25188
38575
47333
140420
15092
338766
324786
9095
9029
140
9043
12090
9266
10859
9541
13532
58423
20242
16406
89492
142061
117263
11184
6217
10364
43074
308266
10653
18570
1913
12278
2654
11853
11051
16023
39013
8869
10735
140823
9058
12100
19259
10957
12139
11615
11007
14844
13476
11194
12222
296098
270487
312221
140300
9923
4481
16084
11470
9341
16608
8329
8067
14869
11906
30502
11804
11074
28597
8696
9566
11630
18658
10514
13485
15370
9667
11879
10130
1727
635
13363
2310
15139
15698
2620
6537
6538
2210
2639
825
15556
49517
11363
916
12187
1427
15389
14347
10228
6615
9714
264644
8973
15239
9319
11634
887
4169
9007
4478
10443
2000
10390
17887
12610
13368
2768
14811
15198
109439
11327
7457
2266
138697
8879
8978
9038
2100
4349
22803
4551
10040
11469
12518
269
36568
339
26610
2621
10513
9425
8356
10907
46195
11547
11541
3086
3604
15723
1398
11798
9610
10423
228161
257091
8408
507
11893
14924
10622
4825
8489
837
9745
11431
1619
20927
3580
76726
57214
17918
25087
64635
23954
399055
11064
343668
9089
359940
31357
10543
84175
10200
8860
331214
10692
9829
11646
15128
10489
41402
8427
11130
10762
9356
9450
7735
11694
5955
16723
15658
3432
9469
31220
9448
11305
158852
10531
30969
24447
7288
10794
22311
9771
19426
14444
9981
10002
13446
10479
22954
1696
11206
636
10617
57201
138843
31586
16305
10847
10564
254320
251516
962
328111
10074
10022
10587
8545
4997
9373
1550
12618
13824
11088
9408
10288
13320
13528
234
9945
38251
1255
11535
17130
16620
1247
62204
62215
8292
47931
64686
82992
7214
16633
6435
5769
18713
13225
32657
22292
3080
3529
9777
16297
10135
249
11542
742
8922
13537
10131
2260
253941
86829
50546
10160
47951
24128
6283
2171
10412
8010
3112
10729
11824
12475
1620
9823
10511
11037
37718
10875
9414
2895
47907
11326
10975
11375
24831
11439
11590
11619
9517
10013
14553
9725
9728
17917
2565
11892
10491
40490
166426
1713
4722
2124
11165
277216
10155
9301
266294
24226
12094
1282
2251
918
2610
8274
10851
9982
43347
36797
25376
18501
10192
11718
21873
14577
10140
37710
2662
9555
1776
777
19176
181886
844
18892
12184
7942
13783
18162
50839
30890
82695
17610
145
223702
192040
111794
9567
6171
31121
12235
11652
9769
21734
9515
3114
13908
9488
2750
9296
24481
16806
10611
12770
912
11137
14442
2122
3175
27993
25010
9900
9912
12096
14557
262
11772
802
123025
133919
10843
27793
50619
21588
13321
31011
38778
25147
35791
44048
43539
180299
157353
11851
12138
5257
9759
87826
11177
29228
25934
324552
784
14908
11443
14359
82675
5902
203
11548
12437
14560
8447
17414
1735
12180
25969
9779
9787
14831
7364
8055
10607
28387
13813
11884
10734
9103
11030
396
6521
1857
324849
353486
10876
10862
11372
19348
16888
9988
9676
1852
9794
469
10012
308369
10733
17159
11654
14819
308639
272693
20697
6440
10065
1908
141052
68735
24070
11856
12211
1939
797
11164
13962
16290
48138
21736
168259
45609
666
181533
1859
220
1712
49012
17182
38408
55725
110639
58496
29968
5123
262500
10066
13020
8976
10368
9441
39314
405
59678
51802
1819
9786
11133
9710
11217
11358
10552
17281
11096
440
13198
9523
7461
28384
171274
4012
18079
549
4474
23685
4587
2453
41210
9696
27995
257344
10560
294254
62206
10723
10379
16889
38718
12117
39781
37834
11575
17127
5910
16857
2383
16535
11838
8665
11157
11821
62835
439
26561
33408
11454
10601
21711
10196
37141
50797
296099
321697
25066
11982
32685
29973
10497
12635
11044
4909
274870
381288
16070
466
9730
10115
13850
13155
15969
20662
12599
10646
58233
19366
9308
18975
12496
2841
3172
179
9413
193610
18417
10533
13766
307081
15256
10207
10086
11075
12889
14585
10974
9792
9526
31867
27573
648
39254
11932
9713
46094
97020
152760
26391
168530
10174
2469
1052
11850
2185
261392
11313
16307
16314
2087
18681
13092
3767
302946
313297
333484
9655
11937
6877
10168
23514
13441
34444
11459
22102
55561
106143
13056
12524
10471
12153
3109
10780
19901
12651
75174
11852
13497
14574
13387
253412
11855
21450
28059
31650
24099
15379
17447
1873
8643
136795
117251
15060
8270
1273
18282
21189
10678
31504
24684
23082
363676
258489
10758
1730
14621
274167
13187
17927
16871
26408
9057
17692
2977
10033
18487
10708
10743
24276
10399
8851
9871
9964
8649
16858
68728
10589
12709
17204
11352
47964
109421
546
874
14926
57800
11660
8970
11283
62213
58595
9264
11863
37916
940
12311
23570
8766
11128
4176
13969
302401
15745
77016
3782
10999
72331
84332
8740
11219
10350
7341
40771
68722
11234
21610
14411
12520
10651
11773
6643
14242
8094
38745
39451
14684
11533
15947
20723
17339
11888
848
17529
2161
883
38357
9625
348350
10940
6346
10861
11027
10557
25719
9457
11954
11825
32611
11870
252838
320007
32060
1628
3110
10643
18935
11859
4482
18041
16347
10784
12589
6071
2084
29786
34322
20009
302
10145
17768
19898
22494
325133
31052
334533
4593
77930
50647
28029
2617
3682
11790
21849
37345
112336
3009
1555
60304
10923
8053
10610
51352
11293
33320
13778
11828
11462
35680
81005
97367
12656
10868
9044
10045
4550
11400
11697
23827
821
2330
4485
8424
20539
21539
11966
2355
15067
2661
17295
13671
13041
17609
134374
10635
31582
11199
11661
2313
1656
791
994
146216
9819
10896
9586
18947
19833
80767
10341
22798
2182
9417
25538
7442
73723
71676
10438
8416
4929
87421
109418
16052
21915
15487
14447
839
152742
20829
16804
23919
10648
11082
10699
15278
2309
4148
26306
15515
11832
12220
60670
10691
759
16820
7304
13751
32255
20759
13852
11078
28216
26578
11364
7445
13398
14425
300669
10053
74465
25195
22327
25196
6972
24746
20096
274479
10048
4241
9768
4539
8198
10426
12723
23069
3121
11337
11071
10831
8882
9021
13560
13353
2259
37797
14533
12208
52520
13920
23742
780
10234
57431
11546
24735
35588
9024
8885
26422
33613
31225
41768
14268
334541
10588
23488
70670
11092
1643
71880
14429
18491
88751
10866
849
2144
1125
10477
8920
11284
483
11509
10098
12780
501
15489
86834
26203
10016
38225
30588
83
11296
14271
4689
468
4107
2110
300671
32646
12103
9849
1809
7501
8645
24071
9941
15371
9035
10419
46705
47475
2575
12658
4985
34170
13666
10991
295693
24153
13763
13007
193893
227156
238636
225886
37495
823
36929
12559
10494
1786
11811
11091
32636
10996
9299
315
17589
50035
21635
48287
19855
20126
29917
11298
790
10987
18784
37472
55306
13372
276
9719
126889
14195
420714
58224
30500
11229
42314
12762
46738
41823
16441
23111
14369
17889
10320
16172
284293
270946
9822
441
806
15300
35144
10677
19457
228970
11423
69315
6575
8669
19736
8204
2013
9466
39938
260346
10452
224141
11187
11281
20348
42121
167966
19760
46529
9770
10424
11679
11595
5174
166424
45132
11069
11028
395834
26515
7859
41436
32574
43742
10954
775
9558
30949
12309
10461
10867
316029
204
988
40619
1249
399174
10577
5001
9688
9764
663
10371
10592
32308
17814
31657
10264
12120
15592
24420
20120
13930
11107
12268
49526
15944
31102
13508
10333
9708
5511
49797
10763
512
12129
4643
260513
2786
10030
1793
243938
22328
18887
9762
9507
10973
3073
54087
11895
158
11258
26941
4588
15800
44943
23618
14629
37969
48988
27582
11141
10710
11081
24548
49010
13374
9438
9746
547
17113
21845
28345
167073
321594
227719
2006
6844
336
876
12919
374430
339964
26333
17006
39283
245703
38904
13764
3040
614
2613
11132
11024
10766
24103
17707
13703
580
281338
270303
29143
9079
24748
28313
49565
13754
12476
24940
11186
1440
678
13562
16784
55787
58857
12705
40156
2082
15647
24032
10938
27579
31530
14114
13505
12634
14239
15028
256961
11889
1058
6020
15120
2576
22584
400928
14822
503
11587
11586
10306
4552
11779
32686
10050
48217
18391
13567
116149
33344
13348
41513
67913
38317
55347
11015
25431
10366
14108
9305
25842
14578
827
20533
13939
16085
310593
27303
254128
4886
31516
26388
180863
293167
16367
10023
11610
63311
49017
1392
11162
293310
10401
335797
15598
398818
416477
18862
8998
10225
14799
2196
16093
9583
3132
811
71859
60935
10021
14671
76025
9278
93
20309
20704
356305
72113
11316
10785
29427
291
1843
20794
23805
5781
4379
9292
11676
2290
5852
1646
14202
52654
12177
8461
10169
14774
26890
59108
28219
4599
24253
33602
8289
14022
13477
21575
12761
20770
16096
207932
19357
16767
8333
14651
11866
22897
11712
10576
11059
868
37530
10657
11687
15660
9542
3293
18900
189
98566
184315
1364
105864
47933
65796
24480
11104
10278
1259
21876
11046
74387
24750
30072
11484
13373
4942
7985
73937
59961
17612
11444
12611
11703
16563
22821
18252
62764
10563
9343
42196
71552
57165
9282
23949
1808
3033
1382
11683
22826
12572
655
328387
302699
9760
2117
9036
15393
9660
328425
26352
91314
1689
19064
72207
74534
17906
26149
11351
976
43316
10982
26180
37244
5967
331781
1644
29621
8072
23128
24913
16235
80585
18148
8992
17745
9927
9641
9828
25430
9913
20737
12720
10761
9589
2830
6522
9840
16288
28145
103332
18989
9051
84334
82633
9458
28978
267
27472
1691
10476
20726
241259
11510
61752
36259
1420
26386
21128
3543
333339
82703
53182
225574
225565
10994
37606
11644
2440
10354
19905
72976
2332
8836
29756
75386
36196
281979
11065
10824
64689
371645
267193
7874
22527
506
32562
21352
17600
50620
11648
12225
12526
36676
1919
10185
21208
25189
107811
30055
51230
109431
2690
11943
9885
8999
21500
24197
9280
146239
18620
17809
13291
13815
11347
22958
7227
11109
22016
15394
17139
1268
13496
10750
152747
107846
12783
17770
18736
29005
11953
144340
72710
11249
14451
14776
24266
10925
291870
13982
4960
21489
10472
16672
1722
10972
14002
14290
7294
110420
9930
14615
626
11523
13681
38557
10236
10384
14405
13523
13905
14433
25239
13376
17187
22317
9557
13891
10173
317190
282963
31997
1951
8066
9701
6795
14550
6
129670
129139
41951
296100
303991
22230
11933
5971
8494
21332
9582
18602
10929
158015
147773
18161
20048
16991
15854
13090
9415
327
9686
15251
159824
14286
259694
282758
991
47889
10467
22588
205321
22267
19255
19698
27813
9621
10150
16246
14139
10521
15584
12489
36492
46435
25557
11931
19082
77931
185574
160588
10727
5968
10035
11864
33689
11209
40820
16340
51739
3777
140207
1116
11531
400106
447332
12310
13913
338970
1411
1023
7511
37557
25736
10947
19379
19378
16249
35199
18191
11559
39312
10239
9421
34723
8288
17894
13973
38142
23626
10387
15395
10894
7514
179144
136400
172533
49524
9045
14667
13199
4911
4952
17264
1956
35233
2088
14537
47955
10227
10529
11558
9385
11185
15762
321741
318917
10654
49806
25624
47045
13552
5894
295964
24936
9042
11344
257
37410
4296
8216
329833
335209
9613
32274
21887
9684
13787
8996
40506
85242
10623
14293
9963
16727
315623
552
8867
15301
115782
149870
19067
10219
10397
112205
156711
17663
12224
12193
31908
16995
10632
13819
43535
8223
42580
10485
13411
12093
16274
43864
10142
22692
20391
1546
41784
9618
22160
1683
24657
212716
13005
313922
20857
20553
9715
2212
12516
103731
14308
21755
15384
29380
11917
16296
11471
20562
18889
15397
40160
4105
10001
319888
323675
9085
25562
10117
18197
9604
30765
9405
13596
13051
9785
13888
14135
19087
13600
15170
1811
11880
46989
38868
20978
29355
15259
20334
10180
124459
9381
13805
12454
25440
75629
18415
1816
132344
62128
33518
10671
10906
10740
8849
72559
20689
229
47423
5146
87818
8092
17464
11481
18222
2760
8208
11020
13704
30192
41579
12499
11067
13851
30295
11453
1444
13919
13341
26602
2779
9455
31638
11123
166680
3053
67479
12556
31640
333385
333352
279641
41428
13499
9005
82687
26317
145197
82682
80278
47692
21349
47941
13637
12289
18080
157834
209247
19819
16234
27327
18734
12508
310135
41791
17134
4380
8689
16232
11099
10675
24348
17496
10955
9599
12710
26044
22345
30202
16153
11208
15644
11632
19556
15137
19422
31246
374475
290098
3980
10126
17403
4307
84329
87428
9104
482
18509
17170
11056
14112
1613
19140
10385
17708
16980
9821
14278
26914
18533
8583
12279
11894
323676
376570
290595
369557
295699
9462
11223
11902
89708
21449
10553
71668
76696
3101
14846
24150
26320
2899
12172
13990
8854
49462
10665
16184
9298
6072
210479
31005
28580
13938
13333
11713
13929
22536
19912
11323
18764
11026
88005
72358
80389
11898
19053
18573
9681
2800
17266
15919
9009
13922
20115
15655
227783
209403
9416
22073
1847
13550
34549
9585
12502
1257
8217
40001
27437
32076
52263
27214
41671
13933
1831
25166
171372
82881
12140
72197
38772
4789
27367
34106
17379
1248
1958
9034
145220
17832
20701
11451
9952
19899
316023
51863
292
8435
10073
40161
10739
16306
198277
33506
13536
10416
19200
8348
12764
776
33783
37291
22804
44833
19666
11606
13258
1729
7459
11918
33908
46889
13907
16769
242224
11692
9544
14793
23728
39141
72570
81796
10881
2731
43566
10571
14328
10615
28370
11332
261023
274854
26258
25793
11598
376659
5854
8275
1494
301
26255
9874
14043
30020
50698
36915
34653
16866
18990
15849
11939
20123
12772
1376
10204
22832
138103
244267
11442
2721
26123
23398
7980
11876
11657
42518
70435
49527
10944
8439
372058
283366
213681
21661
13853
16642
154400
9573
16958
29478
49370
20324
59387
29047
39266
80038
9556
9562
11042
12146
62838
15794
32856
16299
57212
22894
13382
9980
17897
37691
29937
26475
11936
3784
11380
25641
21
244772
11167
12715
18588
11038
13025
7862
30194
17898
18905
20457
14289
32590
69735
16617
10949
13949
286554
23825
14358
1774
32456
32911
10995
2007
37958
24066
9986
8324
2357
10741
9809
11190
19380
413279
2045
52451
27583
17473
10664
23023
5336
10538
1825
2611
1280
33278
16337
24086
2959
10394
13245
15677
17734
1957
23928
61178
116440
31439
12545
49021
3062
10166
11830
15867
40867
995
60243
18555
11519
659
4483
41662
384682
3093
10069
10283
2152
9726
12834
42807
11401
11354
9953
9692
8676
7278
28117
205775
34813
1600
1976
15158
27526
36047
17965
38805
62488
31611
271714
37707
16263
9530
11675
41841
53565
15943
69798
38291
22586
273271
246741
227300
22010
3001
4291
18283
13282
25750
21719
15392
29740
37056
282848
100042
15417
14373
36739
17443
16442
25099
12628
5259
227306
26030
7979
339846
49013
45658
49020
22479
28737
2038
11955
10028
16146
51608
20318
19004
62676
13533
40662
318
12773
337339
10688
1396
11633
9423
46992
31662
42160
308504
32081
1678
10913
12109
32847
11422
21629
43376
337
27725
778
427
26648
1378
266647
9456
28971
12435
9750
10795
2099
43949
38073
14158
27845
43593
38321
4917
5205
17880
6973
2009
26269
10676
29376
22490
11083
21301
41446
46105
42852
265297
161495
14905
6477
213110
18984
10052
993
216015
19150
3598
28501
32058
2608
36914
32054
18220
39310
32030
13257
5353
20875
41659
10829
24965
14273
198
26477
390043
351460
26441
9407
30856
16186
2926
540
11638
392044
391713
14588
10941
10916
41201
42188
42296
33909
10433
11169
49018
13413
438
3603
5708
18317
6037
11447
14736
26291
12312
32631
12257
13680
10376
22843
15362
28874
44853
12212
389015
9400
43818
20561
25520
9782
14140
9895
1485
241554
4965
13915
16550
13346
31776
42994
9424
399404
13715
12714
2669
41515
1162
21142
13465
300668
406997
363088
1717
11227
42888
31965
11306
34045
10132
18828
20637
480409
34615
911
10787
21712
40866
337170
346648
14805
18074
10562
34299
26133
10235
14980
26670
52013
